0 0.075684 0.823568 0.059570 0.102865
0 0.124512 0.526042 0.079102 0.057292
0 0.433105 0.602865 0.051758 0.098958
0 0.465820 0.632812 0.033203 0.088542
0 0.255371 0.419922 0.086914 0.045573
0 0.457520 0.408854 0.045898 0.088542
0 0.443359 0.327474 0.037109 0.108073
0 0.427246 0.180339 0.088867 0.149740
0 0.636719 0.423828 0.072266 0.079427
0 0.717285 0.422526 0.059570 0.045573
0 0.875977 0.120443 0.070312 0.097656
0 0.954102 0.386719 0.031250 0.109375
0 0.542969 0.541016 0.060547 0.076823
0 0.536621 0.681641 0.047852 0.128906
0 0.571289 0.878906 0.066406 0.046875
0 0.625000 0.853516 0.054688 0.061198
