0 0.255859 0.830078 0.087891 0.053385
0 0.047363 0.529297 0.059570 0.045573
0 0.452637 0.720052 0.049805 0.148438
0 0.455078 0.557943 0.039062 0.100260
0 0.061523 0.412109 0.080078 0.063802
0 0.397461 0.440104 0.076172 0.046875
0 0.359375 0.377604 0.074219 0.049479
0 0.446777 0.366536 0.047852 0.126302
0 0.892090 0.430990 0.100586 0.057292
0 0.525879 0.110026 0.028320 0.069010
0 0.565430 0.111328 0.080078 0.074219
0 0.956543 0.418620 0.038086 0.074219
0 0.540039 0.561849 0.052734 0.118490
0 0.532227 0.814453 0.044922 0.110677
0 0.563477 0.878906 0.070312 0.046875
0 0.557617 0.821615 0.021484 0.036458
