0 0.189941 0.848958 0.090820 0.070312
0 0.052734 0.534505 0.058594 0.055990
0 0.444824 0.654948 0.057617 0.138021
0 0.435059 0.556641 0.077148 0.105469
0 0.111328 0.406250 0.091797 0.062500
0 0.428223 0.435547 0.077148 0.055990
0 0.354980 0.378906 0.084961 0.052083
0 0.442383 0.325521 0.048828 0.164062
0 0.838379 0.423177 0.102539 0.057292
0 0.558594 0.145182 0.056641 0.048177
0 0.568848 0.090495 0.104492 0.055990
0 0.931152 0.420573 0.043945 0.075521
0 0.539551 0.554036 0.055664 0.105469
0 0.533691 0.796224 0.041992 0.126302
0 0.562988 0.878255 0.069336 0.048177
0 0.565918 0.820312 0.051758 0.044271
