0 0.300781 0.838542 0.091797 0.072917
0 0.048828 0.540365 0.054688 0.070312
0 0.455078 0.736328 0.048828 0.152344
0 0.456055 0.557292 0.039062 0.101562
0 0.063965 0.399089 0.079102 0.050781
0 0.373047 0.441406 0.070312 0.044271
0 0.358887 0.377604 0.077148 0.049479
0 0.424805 0.360677 0.089844 0.122396
0 0.896484 0.433594 0.085938 0.057292
0 0.526367 0.105469 0.027344 0.062500
0 0.559082 0.127604 0.083008 0.101562
0 0.961914 0.421875 0.035156 0.062500
0 0.541016 0.567708 0.050781 0.130208
0 0.531738 0.823568 0.045898 0.108073
0 0.563477 0.878906 0.072266 0.049479
0 0.555176 0.825521 0.016602 0.036458
